d=5.021484
a1=95.0
c1=8.0
c2=44.0
c3=2.0
x=-0.758545
y=-4.963861
psi=300.095350
