d=4.805488
a1=98.0
c1=14.0
c2=56.0
c3=8.0
dx=-0.011050
dy=-4.805475
